[gd_scene load_steps=10 format=2]

[ext_resource path="res://objeto_interativo/bandeira_00.tscn" type="PackedScene" id=1]
[ext_resource path="res://objeto_interativo/bandeira_01.tscn" type="PackedScene" id=2]
[ext_resource path="res://objeto_interativo/bandeira_02.tscn" type="PackedScene" id=3]
[ext_resource path="res://personagem_jogador/blob_player.obj" type="ArrayMesh" id=4]
[ext_resource path="res://personagem_jogador/TOPDOWN_SOLDIER.png" type="Texture" id=5]
[ext_resource path="res://FPSPersonagem.tscn" type="PackedScene" id=6]

[sub_resource type="PlaneMesh" id=1]

[sub_resource type="BoxShape" id=2]
extents = Vector3( 1, 0.142153, 1 )

[sub_resource type="SpatialMaterial" id=3]
albedo_texture = ExtResource( 5 )

[node name="Spatial" type="Spatial"]

[node name="MeshInstance" type="MeshInstance" parent="."]
transform = Transform( 10, 0, 0, 0, 10, 0, 0, 0, 10, 0, 0, 0 )
mesh = SubResource( 1 )
material/0 = null

[node name="StaticBody" type="StaticBody" parent="MeshInstance"]

[node name="CollisionShape" type="CollisionShape" parent="MeshInstance/StaticBody"]
transform = Transform( 1, 0, 0, 0, 1, 0, 0, 0, 1, 0, -0.13138, 0 )
shape = SubResource( 2 )

[node name="Spatial" parent="." instance=ExtResource( 1 )]
transform = Transform( 1, 0, 0, 0, 1, 0, 0, 0, 1, -0.538962, 1.19209e-07, 7.037 )

[node name="Spatial2" parent="." instance=ExtResource( 2 )]
transform = Transform( 1, 0, 0, 0, 1, 0, 0, 0, 1, -5.68973, 1.19209e-07, -5.3512 )

[node name="Spatial3" parent="." instance=ExtResource( 3 )]
transform = Transform( 1, 0, 0, 0, 1, 0, 0, 0, 1, 4.36309, -9.53674e-07, -6.96721 )

[node name="Posicao_Giro_Horz" type="Spatial" parent="."]
transform = Transform( 0.581015, 0, 0.813892, 0, 1, 0, -0.813892, 0, 0.581015, 7.57084, 2.68177, 7.46102 )

[node name="Cam_Giro_Vert" type="Camera" parent="Posicao_Giro_Horz"]
transform = Transform( 1, 0, 0, 0, 0.951154, 0.308718, 0, -0.308718, 0.951154, 0, 0, 0 )

[node name="blob_player" type="MeshInstance" parent="."]
transform = Transform( 1, 0, 0, 0, 1, 0, 0, 0, 1, 4.07808, 0.120286, 5.32213 )
mesh = ExtResource( 4 )
material/0 = SubResource( 3 )

[node name="FPSPersonagem" parent="." instance=ExtResource( 6 )]

[node name="DirectionalLight" type="DirectionalLight" parent="."]
transform = Transform( 0.79398, 0.471338, -0.383975, 0, 0.631596, 0.775297, 0.607944, -0.61557, 0.501475, 13.9891, 2.38924, 0 )
shadow_enabled = true
