[gd_scene load_steps=9 format=2]

[ext_resource path="res://objeto_interativo/bandeira_00.tscn" type="PackedScene" id=1]
[ext_resource path="res://objeto_interativo/bandeira_01.tscn" type="PackedScene" id=2]
[ext_resource path="res://objeto_interativo/bandeira_02.tscn" type="PackedScene" id=3]
[ext_resource path="res://modelos/enemy_prototipo_3.obj" type="ArrayMesh" id=4]
[ext_resource path="res://FPSPersonagem.tscn" type="PackedScene" id=6]

[sub_resource type="PlaneMesh" id=1]

[sub_resource type="SpatialMaterial" id=3]
albedo_color = Color( 0.592157, 0.282353, 0.14902, 1 )

[sub_resource type="BoxShape" id=2]
extents = Vector3( 1, 0.142153, 1 )

[node name="Spatial" type="Spatial"]

[node name="MeshInstance" type="MeshInstance" parent="."]
transform = Transform( 10, 0, 0, 0, 10, 0, 0, 0, 10, 0, 0, 0 )
mesh = SubResource( 1 )
material/0 = SubResource( 3 )

[node name="StaticBody" type="StaticBody" parent="MeshInstance"]
transform = Transform( 1, 0, 0, 0, 1, 0, 0, 0, 1, 0.00635533, 0, 0 )

[node name="CollisionShape" type="CollisionShape" parent="MeshInstance/StaticBody"]
transform = Transform( 1, 0, 0, 0, 1, 0, 0, 0, 1, 0, -0.13138, 0 )
shape = SubResource( 2 )

[node name="Spatial" parent="." instance=ExtResource( 1 )]
transform = Transform( 1, 0, 0, 0, 1, 0, 0, 0, 1, -0.538962, 1.19209e-07, 7.037 )

[node name="Spatial2" parent="." instance=ExtResource( 2 )]
transform = Transform( 1, 0, 0, 0, 1, 0, 0, 0, 1, -5.68973, 1.19209e-07, -5.3512 )

[node name="Spatial3" parent="." instance=ExtResource( 3 )]
transform = Transform( 1, 0, 0, 0, 1, 0, 0, 0, 1, 4.36309, -9.53674e-07, -6.96721 )

[node name="Posicao_Giro_Horz" type="Spatial" parent="."]
transform = Transform( 0.581015, 0, 0.813892, 0, 1, 0, -0.813892, 0, 0.581015, 7.57084, 2.68177, 7.46102 )

[node name="Cam_Giro_Vert" type="Camera" parent="Posicao_Giro_Horz"]
transform = Transform( 1, 1.49012e-08, -5.96046e-08, 0, 0.951154, 0.308718, 2.98023e-08, -0.308718, 0.951154, 0, 0, 0 )

[node name="blob_player" type="MeshInstance" parent="."]
transform = Transform( 0.02, 0, 0, 0, 0.02, 0, 0, 0, 0.02, 4.10594, 1.98732, 5.37898 )
mesh = ExtResource( 4 )
material/0 = null
material/1 = null
material/2 = null
material/3 = null
material/4 = null
material/5 = null
material/6 = null
material/7 = null
material/8 = null
material/9 = null
material/10 = null
material/11 = null
material/12 = null
material/13 = null
material/14 = null
material/15 = null
material/16 = null
material/17 = null
material/18 = null
material/19 = null
material/20 = null
material/21 = null
material/22 = null
material/23 = null
material/24 = null
material/25 = null
material/26 = null
material/27 = null
material/28 = null
material/29 = null
material/30 = null
material/31 = null
material/32 = null
material/33 = null
material/34 = null
material/35 = null
material/36 = null
material/37 = null
material/38 = null
material/39 = null
material/40 = null
material/41 = null
material/42 = null
material/43 = null
material/44 = null
material/45 = null
material/46 = null
material/47 = null
material/48 = null
material/49 = null
material/50 = null
material/51 = null
material/52 = null
material/53 = null
material/54 = null
material/55 = null
material/56 = null
material/57 = null

[node name="FPSPersonagem" parent="." instance=ExtResource( 6 )]
transform = Transform( 1, 0, 0, 0, 1, 0, 0, 0, 1, 0.174523, 1.22015, -0.149563 )

[node name="DirectionalLight" type="DirectionalLight" parent="."]
transform = Transform( 0.79398, 0.471338, -0.383975, 0, 0.631596, 0.775297, 0.607944, -0.61557, 0.501475, 13.9891, 2.38924, 0 )
light_color = Color( 0.760784, 0.941176, 0.972549, 1 )
shadow_enabled = true
